501
1000
499
498
493
493
491
490
488
486
486
484
482
480
478
478
477
477
476
475
473
472
472
472
472
471
470
468
464
464
464
464
462
461
460
458
458
457
457
456
456
455
455
453
453
452
452
451
451
449
448
447
447
447
446
445
443
443
442
442
442
442
441
441
441
438
437
437
434
434
434
432
432
432
431
430
430
429
427
426
426
425
425
424
423
419
418
418
417
415
415
412
412
412
412
411
410
410
408
406
406
406
406
405
405
404
401
401
399
397
396
396
394
394
394
393
393
393
392
392
392
391
391
389
389
389
387
385
385
383
383
382
382
380
378
378
378
377
376
376
375
375
375
374
374
374
373
373
373
373
372
371
370
370
369
368
368
368
367
367
367
366
364
363
362
362
362
361
361
360
360
360
359
358
358
358
357
356
356
355
355
355
355
355
354
354
353
353
353
353
353
352
352
351
351
351
351
351
350
350
349
347
344
344
344
343
341
340
339
339
338
338
338
335
333
333
332
331
331
330
329
327
327
325
325
325
325
325
323
323
322
322
322
321
321
321
320
319
319
317
317
317
316
316
314
313
312
312
311
310
309
309
309
309
308
308
307
307
307
306
306
306
305
304
304
303
302
301
300
300
300
299
299
298
298
297
297
297
297
295
295
295
295
295
294
294
294
294
293
293
293
293
292
292
292
291
291
291
291
291
290
290
290
290
289
288
288
287
287
287
287
287
287
287
286
286
286
286
285
285
285
285
284
284
284
283
283
283
282
282
282
282
282
282
281
281
281
280
280
280
280
279
279
279
279
279
278
278
278
278
277
277
277
276
276
276
276
276
276
276
275
275
275
275
275
275
275
274
273
273
273
273
273
273
272
272
272
272
271
271
271
271
271
271
270
270
270
270
270
269
269
269
269
269
269
269
269
268
268
267
267
267
266
266
266
266
266
266
266
266
265
265
265
264
263
263
263
263
263
263
263
262
262
262
262
262
262
261
261
261
261
261
261
260
260
259
259
259
259
259
259
259
259
259
259
259
259
258
258
258
258
258
258
258
258
257
257
257
257
257
256
256
256
256
256
256
256
255
255
255
255
255
255
254
254
254
253
253
253
253
253
253
253
253
252
252
252
252
252
252
251
251
251
251
251
251
251
250
250
250
250
250
250
