501
1000
499
499
497
495
494
494
493
493
492
492
491
489
487
486
484
484
483
480
479
479
479
477
477
477
477
475
471
470
470
470
470
469
467
467
466
466
466
465
465
465
465
463
462
461
460
458
457
456
456
455
454
452
452
451
450
450
449
449
448
446
446
445
442
441
438
437
437
435
434
433
433
433
431
431
431
430
430
429
429
428
428
427
423
421
421
421
420
419
417
417
416
416
415
414
412
410
409
408
408
408
407
407
405
404
404
403
403
402
400
399
397
397
396
395
395
394
394
393
392
392
392
391
391
391
390
388
388
385
384
383
382
382
381
380
378
376
376
376
375
375
374
374
374
372
372
372
371
371
371
370
370
369
369
369
369
368
368
367
367
366
366
366
364
364
364
363
361
361
361
360
360
359
359
357
357
357
355
355
355
354
354
352
352
351
351
350
350
350
349
347
345
345
345
344
344
344
343
343
343
343
341
340
340
340
340
337
336
335
335
335
335
333
332
332
331
330
328
328
328
328
326
325
325
325
324
324
322
320
319
318
318
318
317
317
317
316
316
314
312
312
312
311
311
311
310
309
309
309
309
309
308
308
308
307
307
306
306
306
306
305
305
304
304
303
303
302
301
301
301
300
300
300
300
300
300
299
299
298
297
296
296
296
295
295
295
295
295
294
293
293
291
291
291
291
290
290
290
290
290
290
290
289
289
289
289
289
288
288
288
287
287
287
286
286
286
286
285
284
284
284
284
283
283
282
282
282
281
281
280
280
280
280
280
280
279
279
279
278
278
277
277
277
276
276
276
276
276
274
274
274
274
274
273
273
273
273
273
273
272
272
272
272
272
272
271
271
271
271
271
271
271
271
270
270
269
269
269
269
268
268
268
268
268
268
267
267
267
267
266
266
266
266
266
266
266
266
265
265
265
264
264
264
263
263
263
263
263
263
263
263
263
263
262
262
262
262
262
261
261
260
260
260
260
260
260
259
259
259
259
259
258
258
258
258
257
257
257
257
257
257
257
257
256
256
256
256
256
256
256
256
256
255
255
255
255
255
255
254
254
253
253
253
253
253
253
253
253
253
253
252
252
252
251
251
251
251
251
251
251
251
251
251
251
251
251
251
250
250
250
250
250
250
250
250
250
250
250
250
250
250
250
