501
1000
499
498
497
497
495
494
494
492
489
489
487
486
485
480
479
479
477
476
475
475
475
474
473
473
470
469
468
466
466
466
466
465
465
463
463
462
462
460
458
457
455
454
454
453
452
452
450
449
448
447
446
445
444
443
443
443
441
441
440
440
440
439
438
438
438
437
437
435
435
435
435
434
434
434
432
429
428
428
428
426
426
425
423
423
421
419
419
418
417
417
416
416
414
413
412
410
410
410
409
408
408
408
408
407
407
402
400
399
398
397
396
395
394
392
392
392
392
391
391
387
387
386
384
384
383
383
382
382
382
382
380
379
378
378
378
377
377
376
376
376
376
375
375
374
373
373
373
371
371
371
370
369
369
369
369
369
368
368
367
367
365
364
361
360
360
360
360
359
359
359
359
358
357
357
356
356
355
355
355
354
353
353
353
353
352
352
351
350
350
349
349
348
346
346
345
345
342
341
340
340
338
337
336
335
335
335
334
333
332
331
330
330
329
328
327
326
326
326
326
326
325
325
325
325
325
324
323
322
322
322
322
322
322
320
319
319
318
318
318
316
316
315
315
314
313
313
312
312
312
311
311
309
308
307
307
306
306
305
305
305
305
304
304
303
303
303
302
302
302
302
302
301
301
301
301
300
300
299
299
299
299
299
298
297
297
297
296
296
296
295
295
295
295
295
294
293
293
293
293
293
293
292
291
291
291
291
290
289
289
289
288
288
287
287
287
287
287
287
287
287
286
286
286
286
285
284
284
284
283
283
283
283
282
282
282
281
281
281
281
281
280
280
279
279
278
278
278
277
277
277
277
277
277
277
276
275
275
274
274
274
273
273
273
273
273
273
272
272
272
272
272
272
272
271
271
271
271
270
270
270
270
269
269
269
268
268
268
268
267
267
267
267
267
267
267
266
266
266
266
266
265
265
265
265
265
264
264
264
264
263
263
263
263
263
262
262
262
262
261
261
261
261
261
261
261
260
260
260
260
259
259
259
259
259
259
258
258
258
258
258
258
258
257
257
257
257
257
257
257
256
256
256
255
255
255
255
255
255
255
255
255
254
254
254
254
254
254
254
254
254
254
253
253
253
253
253
253
253
252
252
252
252
252
252
252
252
252
252
251
251
251
251
251
250
250
250
250
250
250
250
250
