501
1000
499
498
498
495
495
495
493
492
491
490
490
489
487
486
484
483
483
481
480
480
480
479
477
477
475
475
473
473
472
471
469
468
467
467
465
465
464
464
464
464
463
462
461
461
460
459
459
458
458
456
456
455
455
454
450
445
444
442
442
442
441
441
438
438
437
437
437
436
436
435
434
432
432
431
431
430
430
428
425
425
425
424
423
419
418
417
417
416
416
414
414
413
413
412
412
411
409
409
407
406
406
406
404
402
402
402
401
401
396
396
395
393
393
391
391
390
390
389
389
387
386
386
385
384
383
383
383
381
381
381
381
379
379
378
378
378
378
376
376
375
374
374
373
372
372
372
372
372
371
371
371
371
371
370
370
370
369
369
369
369
368
368
367
367
366
366
365
365
364
364
362
362
361
360
360
360
359
359
359
359
358
357
357
357
357
357
355
354
354
353
353
353
351
351
351
351
351
350
347
345
343
342
341
339
338
337
337
337
335
335
333
333
332
331
330
328
327
327
327
326
325
325
324
324
324
323
323
323
322
320
319
318
318
318
318
317
317
317
317
315
315
315
313
312
312
311
310
310
310
309
308
308
308
308
307
307
306
306
306
305
305
305
303
303
302
302
302
301
301
301
300
300
299
299
299
298
298
298
298
298
298
297
297
297
296
296
296
295
294
294
294
292
292
292
291
291
290
290
290
290
289
289
289
288
288
288
286
286
286
286
285
285
285
285
285
284
284
283
283
283
283
283
283
282
281
280
280
280
279
278
278
278
278
277
277
277
277
277
276
276
276
276
276
276
276
275
275
274
274
274
274
274
273
273
273
272
272
272
271
271
271
271
270
270
270
270
270
270
270
269
269
269
269
268
268
268
268
268
268
268
267
267
267
267
267
266
266
266
266
266
266
266
265
265
265
265
265
264
264
264
264
264
263
262
262
262
262
262
262
262
262
262
262
262
262
261
261
261
261
261
261
260
260
260
260
259
259
259
259
259
258
258
258
258
258
257
257
257
257
257
257
257
257
256
256
256
256
256
256
256
256
256
256
256
256
256
255
255
255
255
255
254
254
254
254
254
253
253
252
252
252
252
252
252
252
252
252
252
251
251
251
251
251
251
251
251
251
251
251
251
251
250
250
250
250
250
250
250
250
250
250
